9.972148188013745251e-01
1.000231687208376963e+00
1.000113245412062035e+00
1.000025141876629942e+00
9.999319631755652082e-01
9.998731414885199120e-01
9.997710606836960334e-01
9.997539943414632813e-01
9.997313794688755806e-01
9.997463747249749622e-01
9.997490729426089517e-01
9.996640538737132653e-01
9.996639513345163541e-01
9.995577877429796532e-01
9.996182537102867860e-01
9.995117692176669344e-01
9.995965071483200459e-01
9.995338573388582448e-01
9.994924350735644447e-01
9.994876640584894334e-01
