5.786251939780349095e-03
1.519690036198873733e-03
1.177510125373102626e-03
1.079556261685768936e-03
9.717661626741541962e-04
8.943897809719042165e-04
8.997907947309865618e-04
8.312577188265810090e-04
7.859941271651332785e-04
7.520612878738231356e-04
7.209738889221530868e-04
7.381794707243248023e-04
6.963367825633538354e-04
7.112355423572860923e-04
6.766778162110997788e-04
6.999296437120992084e-04
6.520987375184972724e-04
6.510155705531587688e-04
6.466647076316929619e-04
6.266781503120077198e-04
