2.498361969696430984e-01
2.147856187508305481e-01
2.041902117516699033e-01
1.981136042828046118e-01
1.934765483917666451e-01
1.897877758069100862e-01
1.870961144803633958e-01
1.849257659479930649e-01
1.828947750031047759e-01
1.814565776061915769e-01
1.798650914931825551e-01
1.786010820973075452e-01
1.776699134302283378e-01
1.765491326286833529e-01
1.756179895732938312e-01
1.746544789067447923e-01
1.740690992461950692e-01
1.733834607240416492e-01
1.728528614121621343e-01
1.719580559461018343e-01
