2.490880669543870385e-01
2.139993836284284079e-01
2.033934893030654445e-01
1.973108874569006466e-01
1.926692832482665430e-01
1.889768770676245047e-01
1.862826235830963850e-01
1.841101196207188539e-01
1.820771183450176356e-01
1.806374662808421239e-01
1.790443844860654110e-01
1.777791948506959319e-01
1.768470942202771679e-01
1.757252977675901884e-01
1.747931622249362105e-01
1.738287936116513499e-01
1.732427432034671089e-01
1.725564811065838089e-01
1.720253921545524256e-01
1.711296957293065857e-01
