9.983088082293459786e-01
1.000334480236784396e+00
1.000273037074735916e+00
1.000186583279422781e+00
1.000133115365906100e+00
9.999556085762960622e-01
1.000018910525548588e+00
9.999321992945935378e-01
9.998625344470187803e-01
9.998514161309206560e-01
9.998449664455646424e-01
9.998064341856033321e-01
9.998472890687012393e-01
9.998161161711208722e-01
9.998013413210530276e-01
9.998428388544680079e-01
9.998255722694406877e-01
9.997788315933396897e-01
9.998456293758668512e-01
9.998416520605635238e-01
