4.110708735284900051e-03
1.518436746893643031e-03
1.229250871639386844e-03
1.071170180304600438e-03
9.423904415653326736e-04
9.218000178422991074e-04
8.260142440848441568e-04
7.614056292702728714e-04
7.757516075549007913e-04
7.251026163307736734e-04
6.942465911957470138e-04
6.990755987249923928e-04
6.574810151376923309e-04
6.521621175764835644e-04
6.519606079978977273e-04
6.179970328967714739e-04
6.024513358880510382e-04
6.191950502199847564e-04
5.869151901446520046e-04
5.512063125914893084e-04
