2.457276291615533292e-01
2.101020731857236035e-01
1.998949306681076787e-01
1.933403793649610958e-01
1.889510376827954474e-01
1.852393604466862354e-01
1.827225128602525395e-01
1.807154519306748974e-01
1.788429575148605954e-01
1.773642205813860118e-01
1.762792636937305091e-01
1.751893176945734931e-01
1.740270811714014487e-01
1.731571413978769125e-01
1.722892277038769737e-01
1.716082672411641530e-01
1.708123842885667099e-01
1.700387699875046399e-01
1.695974904763974667e-01
1.690778418407519468e-01
