2.449742913741359551e-01
2.093110469733960310e-01
1.990937487546950990e-01
1.925327229808944662e-01
1.881390411194417689e-01
1.844238262028552455e-01
1.819043959453627013e-01
1.798954127903011069e-01
1.780211137455755821e-01
1.765409077778983815e-01
1.754548712747034667e-01
1.743638728377442104e-01
1.732004319941709281e-01
1.723296526448064026e-01
1.714608849973716931e-01
1.707792013777046647e-01
1.699825390490580512e-01
1.692081970698223747e-01
1.687664090440592624e-01
1.682462442285884985e-01
