9.972094128889379405e-01
1.000136215824855235e+00
1.000086930253714534e+00
1.000003168974878287e+00
9.999784661851981449e-01
9.998728783361141570e-01
9.998402682772096206e-01
9.997597814926808546e-01
9.997720832839113170e-01
9.997364973469683447e-01
9.997194024431261816e-01
9.997306802625742783e-01
9.997736717927131478e-01
9.996551255637184941e-01
9.995929866422939014e-01
9.995872892281800759e-01
9.996871321246942887e-01
9.996428928994700591e-01
9.996737963459403353e-01
9.996533032558475584e-01
