5.480230109234636091e-03
1.525731390098456148e-03
1.169064157902512070e-03
1.021587000687655894e-03
9.127199208653653936e-04
8.953959144596049377e-04
8.525040457754891072e-04
7.861266730054929704e-04
7.512554337834111444e-04
7.277705197056480706e-04
7.116776326672884278e-04
6.881275380339946018e-04
6.269701875821999046e-04
6.344491818468624752e-04
6.441486252145800723e-04
6.208190439313613631e-04
5.596257539983056414e-04
5.773127123542827303e-04
5.311495793481035279e-04
5.481098431055316444e-04
