2.541678722213281949e-01
2.181085501012485217e-01
2.074463514372901496e-01
2.007995460076634486e-01
1.957960183268707410e-01
1.919924002750762748e-01
1.891632059669686727e-01
1.867036477280527573e-01
1.844965475020331758e-01
1.828291238989954992e-01
1.812304816223223314e-01
1.799176139248701844e-01
1.787707382368537157e-01
1.776561585173746238e-01
1.765982549677322655e-01
1.757420360867950615e-01
1.748442857416134810e-01
1.739739195784893444e-01
1.733696608441954168e-01
1.727400457027695457e-01
