2.534240835899072564e-01
2.173257367824619757e-01
2.066529147202394723e-01
1.999995397290914578e-01
1.949910283154711321e-01
1.911837085532277769e-01
1.883517149447914707e-01
1.858897753034353395e-01
1.836804534838518965e-01
1.820113964548403795e-01
1.804111710088730780e-01
1.790969778433787185e-01
1.779489111213045371e-01
1.768333344190022305e-01
1.757744341629509377e-01
1.749173638056532309e-01
1.740186148920928322e-01
1.731474218297701095e-01
1.725425273318065000e-01
1.719123023568323305e-01
